78
139
211
221
323
429
436
501
519
529
604
796
822
986
998
5
29
31
67
76
97
101
141
231
306
321
327
357
361
398
411
428
493
494
165
355
30
82
256
286
290
309
432
479
490
495
527
528
559
570
644
677
836
884
894
900
901
907
936
978
155
192
23
72
298
331
451
96
198
260
328
204
381
439
199
208
249
425
514
521
523
526
541
601
636
708
749
761
789
829
947
994
158
370
486
77
227
254
299
305
365
468
25
81
174
292
465
692
697
849
868
916
974
462
643
740
837
918
995
449
649
799
859
866
902
973
985
281
362
63
599
914
922
975
59
977
66
120
109
110
549
826
350
244
464
925
107
310
247
810
892
65
445
713
767
250
548
596
656
787
948
583
867
963
196
261
266
714
655
660
595
631
734
554
575
679
824
938
543
764
54
118
802
959
731
753
695
55
542
578
621
664
716
737
942
