4990
8416
4762
5379
5391
7415
5338
5755
2404
4747
4842
5676
8104
3915
7425
970
4209
4559
4823
5310
706
865
1412
2145
4098
6258
6755
7163
7511
7955
8223
8481
1783
921
5572
7718
8139
6452
6454
7401
56
1017
1721
4386
4877
4982
435
620
1702
1718
2580
2770
3728
3964
4029
4333
4824
5059
6317
6543
6734
7519
8549
8570
8638
881
1665
4595
5893
4032
304
982
2825
69
838
1041
1383
1414
1488
1729
1883
1940
1979
3377
3734
3844
5861
6057
6151
6264
6536
8026
8109
8151
8417
7719
2697
4942
7824
121
463
496
960
2312
2692
2755
3166
4078
4314
4532
4963
5206
5214
5263
5627
6383
6574
6699
7144
7165
8047
8174
172
549
637
1320
1583
1882
2815
3437
4076
4141
4275
4528
5489
5643
5814
6504
6523
6631
1244
1867
2842
3937
5417
5661
5769
6340
800
1084
4087
4588
4974
6510
535
1421
3159
453
594
681
1739
2063
2225
2319
2406
2458
2968
2995
3337
3684
3905
3948
4004
4039
4119
4556
4597
4651
4672
4861
4870
4918
5225
5227
5244
5491
5515
5538
5774
5783
5836
5912
5993
6178
6181
6205
6266
6277
6312
6403
6478
6545
6730
6742
6872
7174
7318
7414
7435
7456
7480
7506
7611
7631
7691
7706
7711
7821
7883
8029
8244
8261
8277
8524
