96
101
107
109
158
221
254
260
305
321
323
362
365
398
464
465
468
494
495
575
716
731
802
824
959
5
23
25
29
30
55
59
63
72
97
118
165
192
198
199
204
231
244
261
266
281
286
298
309
327
328
331
357
370
411
432
449
479
493
66
81
110
247
249
292
462
554
660
734
764
948
528
737
859
76
196
208
250
361
451
155
306
439
868
963
31
54
299
350
82
541
679
65
290
486
549
256
436
501
636
866
914
938
677
985
998
514
78
139
425
490
77
141
428
810
901
973
527
310
595
596
649
695
867
211
559
749
67
429
445
381
986
902
535
583
655
892
916
925
767
849
974
692
227
548
975
664
753
599
826
529
631
519
542
543
570
644
656
697
713
714
761
796
822
829
836
900
907
947
977
978
994
521
578
621
643
799
837
936
721
918
523
601
604
687
740
787
789
879
884
922
