212
1013
1231
1760
1094
1403
188
598
354
1289
1463
1587
1611
29
148
361
416
798
857
1049
1145
1251
1280
1457
610
208
1200
1380
413
426
994
1719
237
261
613
813
964
1228
275
782
551
81
1022
1353
1560
254
438
923
1107
1121
1628
1693
575
1259
1745
32
1029
609
677
1023
777
185
1339
771
1374
286
332
344
1102
1165
1422
1649
1281
943
1531
163
651
700
865
680
589
1613
1748
43
722
1201
543
764
1725
198
1467
903
1110
1545
483
1530
493
1504
1757
1695
787
1173
439
900
1395
599
706
844
196
367
538
1605
51
450
49
705
316
371
1655
309
901
76
978
1247
453
513
1378
322
1146
405
1379
59
383
1744
1488
712
44
