4412
131
637
1419
3470
5421
6147
9507
6961
6510
330
462
792
900
1250
1434
1543
1710
1952
2058
2943
3031
3210
3272
3595
4894
4907
5727
5781
6463
7211
7809
8062
8302
8444
8758
9133
9572
9618
10226
10318
10387
10399
10553
10911
10990
11142
11513
11579
11690
733
895
1195
1395
2389
2417
2675
2788
3405
3794
4098
4560
4844
6836
7007
7091
7249
7346
7532
8065
8310
8417
9132
9604
9677
9680
9934
10519
10532
10947
11384
11499
11533
11600
11888
14
85
214
218
280
407
496
543
740
742
756
795
837
839
868
871
916
979
1118
1501
1530
1671
1701
1718
1720
1775
1877
1971
2140
2201
2288
2333
2400
2473
2777
2984
3043
3045
3105
3314
3658
3679
3724
3896
3975
4010
4035
4093
4220
4374
4393
4789
4794
4860
5071
5076
5128
5171
5195
5337
5526
5632
5751
6175
6391
6428
6584
6747
6830
6835
6884
6957
7118
7150
7187
7203
7261
7520
7664
7794
7889
8075
8246
8471
8637
8643
8796
9049
9302
9322
9411
9443
9797
9892
10143
10186
10447
10648
10683
10691
10697
10859
10945
11046
11091
11292
11303
11478
11592
11735
11771
11884
11903
11907
11928
11956
11959
1041
7512
10306
11595
8071
9192
35
79
1180
1355
1578
1659
1821
2034
2075
2122
2420
2986
3017
3065
3544
3751
3912
4313
4672
5025
5064
5379
5922
6618
6821
7405
7549
7828
8177
8710
9288
9730
9924
10504
10642
10754
10962
11144
11257
11360
11380
11551
11744
11845
11866
3
96
908
1491
2006
2254
2271
2954
3125
3780
4606
6108
6785
8263
10261
10359
10761
11833
1011
3132
5692
5802
7946
9533
11677
6577
7502
9335
10996
11135
11849
10548
290
1566
8187
10
474
747
1111
1224
1602
2107
2227
2312
2316
2377
3033
3946
4205
4217
4676
5045
5478
5484
6098
6363
6435
6832
6991
7588
7632
7797
7836
7839
8126
8339
8563
8875
8923
9380
9415
9447
9482
9818
9954
9963
9993
10017
10428
10506
10606
10671
11256
11455
11472
11851
36
101
111
135
210
323
603
624
715
718
957
1020
1087
1155
1194
1368
1437
1470
1594
1760
1825
1934
1984
2019
2029
2036
2094
2157
2177
2210
2301
2318
2390
2444
2447
2457
2648
3024
3035
3080
3082
3160
3169
3297
3570
3694
3721
3834
3838
3898
3955
3958
4012
4023
4026
4053
4083
4096
4104
4190
4264
4279
4328
4442
4447
4450
4561
4610
4618
4640
4710
4808
4850
4870
4890
5011
5027
5032
5082
5163
5216
5219
5234
5265
5306
5344
5354
5425
5513
5559
5613
5676
5680
5702
5703
5735
5739
5822
5990
6014
6109
6260
6286
6365
6421
6466
6486
6494
6508
6676
6697
6798
6825
6848
6906
6946
7040
7073
7127
7217
7234
7335
7363
7401
7551
7553
7603
7628
7634
7712
7820
7899
8035
8064
8116
8203
8204
8317
8371
8400
8447
8489
8685
8730
8778
8861
9033
9063
9246
9390
9433
9448
9619
9761
9775
9863
9928
9995
10009
10109
10110
10126
10142
10154
10289
10328
10341
10449
10567
10669
10766
10864
10903
10994
11019
11181
11183
11260
11297
11438
11488
11619
11662
11688
11693
11796
11877
11883
3857
2464
4094
4111
5225
5453
8249
9291
9441
9518
10435
11200
92
1369
1479
2214
3251
3286
5407
6883
7204
8337
8741
8814
9871
10400
56
8720
5969
45
50
562
866
1237
1253
1441
1599
2109
2199
2608
3079
3299
3352
3921
3991
4605
4665
4667
4691
5770
5979
6234
6851
6973
6987
6998
7146
7172
7402
7516
7586
8870
9527
9755
9756
10071
10515
10522
11027
11475
11751
7422
3519
2592
3061
4520
4816
5805
6750
10961
456
881
2564
2582
2916
4395
4635
5024
5157
6182
6498
6888
7049
10127
11695
6874
738
1031
1616
3685
3705
4830
5065
5516
5863
6249
6472
6597
6954
8398
8793
10038
10993
11192
11823
2069
3469
4345
6688
8817
10145
11914
103
104
119
259
333
486
676
809
927
932
1123
1166
1345
1427
1608
2009
2088
2386
2614
2688
2751
2846
2884
3126
3234
3399
3473
3643
3660
3684
3894
3997
4149
4184
4215
4449
4580
4679
4707
4773
4880
4952
5144
5176
5464
5470
5501
5545
5584
5636
5700
5785
5905
5908
5955
6025
6081
6118
6131
6196
6248
6310
6366
6392
6756
6817
7466
7477
7498
7501
7601
7678
7732
7856
7890
7960
8094
8127
8223
8253
8287
8498
8608
8798
8863
8998
9052
9056
9152
9396
9490
9780
10027
10101
10236
10569
10609
10667
10736
10788
10887
10974
11056
11153
11199
11313
11352
11723
11808
11909
11984
937
1453
2414
8732
8751
1026
2910
3143
6885
8681
8928
11042
11710
906
6346
11618
2858
3038
5414
9120
576
862
1891
2948
6032
6112
6380
8241
1018
3752
7496
9693
10330
2692
5304
6666
7089
7279
7699
8607
9960
10819
233
620
789
973
1057
1415
1444
1626
1699
1732
1834
2025
2087
2145
2328
2759
2906
3487
3523
3635
3652
3973
4238
4359
4448
4454
4508
4602
4783
4862
5152
5250
5364
5396
5403
5853
6062
6137
6440
6753
6886
7303
7379
7507
7745
7871
8122
8401
8412
8457
8576
8653
8953
9002
9267
9313
9367
9867
9937
10133
10408
10591
10623
11028
11048
11149
11353
11555
11699
11727
3088
7811
11834
2709
6952
8161
10711
11822
11950
4884
4483
5748
434
2456
2676
4779
9338
8862
10042
2816
8267
9294
711
743
1426
1576
1953
1954
3187
3312
3520
4792
4872
5199
5228
5771
6387
6517
6728
7724
9531
9799
9807
9975
10704
11058
11675
4262
8618
1730
1071
2372
2523
8305
9548
2534
424
1399
1498
1745
2184
2215
2527
2589
3307
3887
5317
5465
6020
6829
7109
7487
7666
7709
8276
8391
8452
8536
9403
9464
9557
10489
11222
11290
11554
11811
11815
11820
3647
10185
10844
621
748
1034
1259
1915
2522
2960
3131
3461
5418
5508
5740
6301
9340
10467
11214
9147
10672
360
1606
3400
4193
5937
6105
7087
7514
9402
9502
9821
10007
11840
4228
4339
4597
9837
1261
11480
11537
19
409
664
1103
2277
2748
3608
4414
6292
7708
11812
11925
1697
3059
3274
563
2337
4743
9336
10721
6916
7740
8828
11967
2836
712
455
8746
11154
4003
5761
9139
8794
9563
836
7387
11835
4315
