501
636
767
866
63
77
78
96
120
141
155
158
174
199
254
290
306
331
361
370
425
429
436
439
451
526
541
604
677
749
849
868
894
985
986
998
528
649
925
527
514
535
559
826
859
867
902
916
973
548
549
901
692
975
82
97
118
139
192
208
211
256
286
974
914
599
708
787
789
879
884
892
922
994
995
523
740
221
428
621
810
664
227
578
596
656
542
695
713
54
281
381
486
543
631
204
942
595
714
72
583
107
76
753
493
570
907
918
977
731
519
521
529
601
643
644
687
697
721
737
761
796
799
829
836
837
936
938
947
963
978
2
5
23
25
29
30
31
55
59
65
66
67
81
101
109
110
165
196
198
231
244
247
249
250
260
261
266
292
298
299
305
309
310
321
323
327
328
350
355
357
362
365
398
411
432
445
449
462
464
465
468
479
490
494
495
554
575
655
660
679
716
734
764
802
822
824
900
948
959
